﻿_id,report_date,previous_day_total_doses_administered,previous_day_at_least_one,previous_day_fully_vaccinated,total_doses_administered,total_individuals_at_least_one,total_doses_in_fully_vaccinated_individuals,total_individuals_fully_vaccinated
1,2020-12-24T00:00:00,,,,10756,,,
2,2020-12-30T00:00:00,7847,,,18603,,,
3,2020-12-31T00:00:00,4899,,,23502,,,
4,2021-01-01T00:00:00,5385,,,28887,,,
5,2021-01-02T00:00:00,4304,,,33191,,,
6,2021-01-03T00:00:00,4360,,,37551,,,
7,2021-01-04T00:00:00,4868,,,42419,,,
8,2021-01-05T00:00:00,7611,,,50030,,,
9,2021-01-06T00:00:00,10350,,,60380,59950,860,430
10,2021-01-07T00:00:00,12251,11594,657,72631,71544,2173,1087
11,2021-01-08T00:00:00,14932,13992,940,87563,85536,4053,2027
12,2021-01-09T00:00:00,15700,14787,913,103263,100323,5880,2940
13,2021-01-10T00:00:00,9983,9981,2,113246,110304,5884,2942
14,2021-01-11T00:00:00,8859,8859,0,122105,119163,5884,2942
15,2021-01-12T00:00:00,11448,11367,81,133553,130530,6046,3023
16,2021-01-13T00:00:00,11231,9865,1366,144784,140395,8778,4389
17,2021-01-14T00:00:00,14237,11979,2258,159021,152374,13293,6647
18,2021-01-15T00:00:00,15609,13709,1900,174630,166083,17094,8547
19,2021-01-16T00:00:00,14460,13340,1120,189090,179423,19333,9667
20,2021-01-17T00:00:00,11007,9817,1190,200097,189240,21714,10857
21,2021-01-18T00:00:00,9691,9672,19,209788,198912,21752,10876
22,2021-01-19T00:00:00,14346,12417,1929,224134,211329,25609,12805
23,2021-01-20T00:00:00,13784,10408,3376,237918,221737,32361,16181
24,2021-01-21T00:00:00,15899,11967,3932,253817,233704,40225,20113
25,2021-01-22T00:00:00,11168,6635,4533,264985,240339,49292,24646
26,2021-01-23T00:00:00,11161,6853,4308,276146,247192,57907,28954
27,2021-01-24T00:00:00,4427,1940,2487,280573,249132,62881,31441
28,2021-01-25T00:00:00,5537,1350,4187,286110,250482,71256,35628
29,2021-01-26T00:00:00,9707,3692,6015,295817,254174,83285,41643
30,2021-01-27T00:00:00,9513,2926,6587,305330,257100,96459,48230
31,2021-01-28T00:00:00,11910,4854,7056,317240,261954,110571,55286
32,2021-01-29T00:00:00,10215,3822,6393,327455,265776,123357,61679
33,2021-01-30T00:00:00,9373,3265,6108,336828,269041,135574,67787
34,2021-01-31T00:00:00,2816,1754,1062,339644,270795,137698,68849
35,2021-02-01T00:00:00,2256,812,1444,341900,271607,140585,70293
36,2021-02-02T00:00:00,2715,951,1764,344615,272558,144113,72057
37,2021-02-03T00:00:00,3716,779,2937,348331,273337,149987,74994
38,2021-02-04T00:00:00,6724,741,5983,355055,274078,161954,80977
39,2021-02-05T00:00:00,7694,840,6854,362749,274918,175662,87831
40,2021-02-06T00:00:00,9917,1175,8742,372666,276093,193146,96573
41,2021-02-07T00:00:00,6518,1347,5171,379184,277440,203487,101744
42,2021-02-08T00:00:00,6987,2568,4419,386171,280008,212326,106163
43,2021-02-09T00:00:00,12462,3096,9366,398633,283104,231058,115529
44,2021-02-10T00:00:00,13486,3290,10196,412119,286394,251449,125725
45,2021-02-11T00:00:00,14717,3454,11263,426836,289848,273975,136988
46,2021-02-12T00:00:00,15605,1311,14294,442441,291159,302563,151282
47,2021-02-13T00:00:00,14506,1481,13025,456947,292640,328614,164307
48,2021-02-14T00:00:00,10679,343,10336,467626,292983,349286,174643
49,2021-02-15T00:00:00,7698,204,7494,475324,293187,364274,182137
50,2021-02-16T00:00:00,5053,256,4797,480377,293443,373867,186934
51,2021-02-17T00:00:00,9107,675,8432,489484,294118,390731,195366
52,2021-02-18T00:00:00,12383,1947,10436,501867,296065,411604,205802
53,2021-02-19T00:00:00,16967,5054,11913,518834,301119,435429,217715
54,2021-02-20T00:00:00,21295,9859,11436,540129,310978,458301,229151
55,2021-02-21T00:00:00,16404,9633,6771,556533,320611,471843,235922
56,2021-02-22T00:00:00,12922,8175,4747,569455,328786,481337,240669
57,2021-02-23T00:00:00,16252,9879,6373,585707,338665,494083,247042
58,2021-02-24T00:00:00,17141,12593,4548,602848,351258,503180,251590
59,2021-02-25T00:00:00,19112,15253,3859,621960,366511,510897,255449
60,2021-02-26T00:00:00,21805,19240,2565,643765,385751,516028,258014
61,2021-02-27T00:00:00,24339,21381,2958,668104,407132,521943,260972
62,2021-02-28T00:00:00,19167,18036,1131,687271,425168,524205,262103
63,2021-03-01T00:00:00,17424,16313,1111,704695,441481,526427,263214
64,2021-03-02T00:00:00,22326,20644,1682,727021,462125,529792,264896
65,2021-03-03T00:00:00,27398,25584,1814,754419,487709,533420,266710
66,2021-03-04T00:00:00,30409,29001,1408,784828,516710,536235,268118
67,2021-03-05T00:00:00,35886,34941,945,820714,551651,538126,269063
68,2021-03-06T00:00:00,39698,38136,1562,860412,589787,541250,270625
69,2021-03-07T00:00:00,30192,29010,1182,890604,618797,543614,271807
70,2021-03-08T00:00:00,21882,20013,1869,912486,638810,547352,273676
71,2021-03-09T00:00:00,31047,28530,2517,943533,667340,552385,276193
72,2021-03-10T00:00:00,35264,32253,3011,978797,699593,558407,279204
73,2021-03-11T00:00:00,40610,38100,2510,1019407,737693,563428,281714
74,2021-03-12T00:00:00,43503,42469,1034,1062910,780162,565495,282748
75,2021-03-13T00:00:00,53586,51648,1938,1116496,831810,569371,284686
76,2021-03-14T00:00:00,41859,40930,929,1158355,872740,571229,285615
77,2021-03-15T00:00:00,33198,31530,1668,1191553,904270,574566,287283
78,2021-03-16T00:00:00,51579,49944,1635,1243132,954214,577836,288918
79,2021-03-17T00:00:00,58202,56461,1741,1301334,1010675,581318,290659
80,2021-03-18T00:00:00,58119,56509,1610,1359453,1067184,584537,292269
81,2021-03-19T00:00:00,61146,58666,2480,1420599,1125850,589498,294749
82,2021-03-20T00:00:00,60283,57898,2385,1480882,1183748,594267,297134
83,2021-03-21T00:00:00,40823,39408,1415,1521705,1223156,597098,298549
84,2021-03-22T00:00:00,31335,30587,748,1553040,1253743,598594,299297
85,2021-03-23T00:00:00,50659,48913,1746,1603699,1302656,602086,301043
86,2021-03-24T00:00:00,72451,70830,1621,1676150,1373486,605328,302664
87,2021-03-25T00:00:00,79446,77724,1722,1755596,1451210,608771,304386
88,2021-03-26T00:00:00,82996,81009,1987,1838592,1532219,612746,306373
89,2021-03-27T00:00:00,77740,75812,1928,1916332,1608031,616602,308301
90,2021-03-28T00:00:00,64950,63966,984,1981282,1671997,618570,309285
91,2021-03-29T00:00:00,50453,48490,1963,2031735,1720487,622495,311248
92,2021-03-30T00:00:00,70645,68004,2641,2102380,1788491,627778,313889
93,2021-03-31T00:00:00,89873,87942,1931,2192253,1876433,631639,315820
94,2021-04-01T00:00:00,84060,82165,1895,2276313,1958598,635430,317715
95,2021-04-02T00:00:00,88183,85548,2635,2364496,2044146,640700,320350
96,2021-04-03T00:00:00,59567,58448,1119,2424063,2102594,642937,321469
97,2021-04-04T00:00:00,69125,68546,579,2493188,2171140,644095,322048
98,2021-04-05T00:00:00,52452,52303,149,2545640,2223443,644393,322197
99,2021-04-06T00:00:00,76199,75248,951,2621839,2298691,646295,323148
100,2021-04-07T00:00:00,104382,102747,1635,2726221,2401438,649566,324783
101,2021-04-08T00:00:00,108563,106986,1577,2834784,2508424,652719,326360
102,2021-04-09T00:00:00,105382,103144,2238,2940166,2611568,657719,328598
103,2021-04-10T00:00:00,104783,102399,2384,3044949,2713967,661963,330982
104,2021-04-11T00:00:00,94794,92626,2168,3139743,2806593,666299,333150
105,2021-04-12T00:00:00,74722,74453,269,3214465,2881046,666838,333419
106,2021-04-13T00:00:00,95692,93849,1843,3310157,2974895,670524,335262
107,2021-04-14T00:00:00,112817,110873,1944,3422974,3085768,674411,337206
108,2021-04-15T00:00:00,105430,103145,2285,3528404,3188913,678981,339491
109,2021-04-16T00:00:00,115634,113192,2442,3644038,3302105,683866,341933
110,2021-04-17T00:00:00,107278,104967,2311,3751316,3407072,688488,344244
111,2021-04-18T00:00:00,86565,85499,1066,3837881,3492571,690620,345310
112,2021-04-19T00:00:00,66897,66202,695,3904778,3558773,692010,346005
113,2021-04-20T00:00:00,90409,88817,1592,3995187,3647590,695194,347597
114,2021-04-21T00:00:00,136695,134896,1799,4131882,3782486,698791,349396
115,2021-04-22T00:00:00,134920,132962,1958,4266802,3915448,702707,351354
116,2021-04-23T00:00:00,133872,130018,3854,4400674,4045466,710416,355208
117,2021-04-24T00:00:00,126694,123126,3568,4527368,4168592,717552,358776
118,2021-04-25T00:00:00,99535,97957,1578,4626903,4266549,720708,360354
119,2021-04-26T00:00:00,69308,68496,812,4696211,4335045,722332,361166
120,2021-04-27T00:00:00,94819,93422,1397,4791030,4428467,725126,362563
121,2021-04-28T00:00:00,116173,113570,2603,4907203,4542037,730332,365166
122,2021-04-29T00:00:00,120567,117330,3237,5027770,4659367,736806,368403
123,2021-04-30T00:00:00,112214,109507,2707,5139984,4768874,742220,371110
124,2021-05-01T00:00:00,107700,105251,2449,5247684,4874125,747118,373559
125,2021-05-02T00:00:00,76685,74964,1721,5324369,4949089,750560,375280
126,2021-05-03T00:00:00,53880,53255,625,5378249,5002344,751810,375905
127,2021-05-04T00:00:00,88871,86691,2180,5467120,5089035,756170,378085
128,2021-05-05T00:00:00,132603,129565,3038,5599723,5218600,762246,381123
129,2021-05-06T00:00:00,141038,137572,3466,5740761,5356172,769178,384589
130,2021-05-07T00:00:00,144724,141829,2895,5885485,5498001,774968,387484
131,2021-05-08T00:00:00,138125,134619,3506,6023610,5632620,781980,390990
132,2021-05-09T00:00:00,121075,119230,1845,6144685,5751850,785670,392835
133,2021-05-10T00:00:00,94093,93044,1049,6238778,5844894,787768,393884
134,2021-05-11T00:00:00,112103,109200,2903,6350881,5954094,793574,396787
135,2021-05-12T00:00:00,140785,135314,5471,6491666,6089408,804516,402258
136,2021-05-13T00:00:00,137697,132355,5342,6629363,6221763,815200,407600
137,2021-05-14T00:00:00,141765,133834,7931,6771128,6355597,831062,415531
138,2021-05-15T00:00:00,154104,146675,7429,6925232,6502272,845920,422960
139,2021-05-16T00:00:00,139583,132907,6676,7064815,6635179,859272,429636
140,2021-05-17T00:00:00,112330,109206,3124,7177145,6744385,865520,432760
141,2021-05-18T00:00:00,109032,99690,9342,7286177,6844075,884204,442102
142,2021-05-19T00:00:00,145461,130779,14682,7431638,6974854,913568,456784
143,2021-05-20T00:00:00,144986,128011,16975,7576624,7102865,947518,473759
144,2021-05-21T00:00:00,158524,136526,21998,7735148,7239391,991514,495757
145,2021-05-22T00:00:00,190129,165905,24224,7925277,7405296,1039962,519981
146,2021-05-23T00:00:00,140330,128708,11622,8065607,7534004,1063206,531603
147,2021-05-24T00:00:00,99108,92741,6367,8164715,7626745,1075940,537970
148,2021-05-25T00:00:00,86927,80609,6318,8251642,7707354,1088576,544288
149,2021-05-26T00:00:00,135308,110279,25029,8386950,7817633,1138634,569317
150,2021-05-27T00:00:00,143748,118211,25537,8530698,7935844,1189708,594854
151,2021-05-28T00:00:00,159775,129709,30066,8690473,8065553,1249840,624920
152,2021-05-29T00:00:00,148972,114753,34219,8839445,8180306,1318278,659139
153,2021-05-30T00:00:00,144833,116078,28755,8984278,8296384,1375788,687894
154,2021-05-31T00:00:00,97747,78809,18938,9082025,8375193,1413664,706832
155,2021-06-01T00:00:00,120195,87305,32890,9202220,8462498,1479444,739722
156,2021-06-02T00:00:00,139901,98460,41441,9342121,8560958,1562326,781163
157,2021-06-03T00:00:00,150884,97066,53818,9493005,8658024,1669962,834981
158,2021-06-04T00:00:00,168322,107238,61084,9661327,8765262,1792130,896065
159,2021-06-05T00:00:00,172855,105663,67192,9834182,8870925,1926514,963257
160,2021-06-06T00:00:00,158393,90130,68263,9992575,8961055,2063040,1031520
161,2021-06-07T00:00:00,116829,61544,55285,10109404,9022599,2173610,1086805
162,2021-06-08T00:00:00,158209,70684,87525,10267613,9093283,2348660,1174330
163,2021-06-09T00:00:00,177506,69160,108346,10445119,9162443,2565352,1282676
164,2021-06-10T00:00:00,182350,65250,117100,10627469,9227693,2799552,1399776
165,2021-06-11T00:00:00,199951,65985,133966,10827420,9293678,3067484,1533742
166,2021-06-12T00:00:00,195032,61013,134019,11022452,9354691,3335522,1667761
